run1 (-12345)
17  18  14   8   6  32   2  0.877  0.939  0.667  0.288   1 1 0 0 1 0 0   0.050  0.768  0.418  0.584   0 1 1 0 0 1 0 
Fitness		Cost		Pen1		Pen2		Pen3		Pen4
7300.422	2017.538	5282.88		0.0		0.0		0.0

run2 (-43003)
18  17   9  24  11  11   1  0.508  0.813  0.480  0.244   1 1 0 0 1 0 1   0.366  0.899  0.678  0.265   0 1 1 0 0 0 0
Fitness		Cost		Pen1		Pen2		Pen3		Pen4
2041.05		2041.05		0.0		0.0		0.0		0.0

run3 (-12789)
16  18  10   4  13   5  14  0.996  0.416  0.807  0.785   1 1 0 0 0 0 0   0.048  0.966  0.845  0.109   0 1 1 0 0 0 1
Fitness		Cost		Pen1		Pen2		Pen3		Pen4
1996.3955	1996.395          	0.0	          	0.0	         	 0.0		0.0
