run 1 (-12345)

18  13  32   3  28  30  24  0.858  0.919  0.855  0.127   1 1 0 1 1 0 0   0.305  0.774  0.759  0.406   0 1 0 0 0 0 0
Fitness			Cost			Pen1			Pen2			Pen3			Pen4
2091.4599914551       	2091.4599914551         0.0000000000          	0.0000000000          	0.0000000000          	0.0000000000


run 1 (-43003)
17  18   5  17   6  12   1  0.838  0.634  0.039  0.114   1 1 0 0 1 0 0   0.672  0.753  0.760  0.365   0 1 1 0 0 1 0
Fitness			Cost			Pen1			Pen2			Pen3			Pen4
6979.9199724197       	2017.3290395737       	4962.5909328461         0.0000000000          	0.0000000000          	0.0000000000

run3 (-12789)
18  16  24   9   6   6   2  0.862  0.956  0.220  0.331   1 1 0 0 1 0 1   0.161  0.880  0.250  0.154   0 1 1 0 0 0 0
Fitness			Cost			Pen1			Pen2			Pen3			Pen4
2041.7949686050       	2041.7949686050         0.0000000000          	0.0000000000          	0.0000000000          	0.0000000000